[ 1, ]
[ 1, 2 ]
[ 1, 1, 2 ]
[ 2, ]
[ 2, 4 ]
[ 2, 2, 4 ]
[ 2, 1, 1, 1, 4 ]
[ 2, 1, 4 ]
[ 3, ]
[ 3, 6 ]
[ 3, 3, 6 ]
[ 3, 2, 6 ]
[ 3, 1, 1, 1, 1, 6 ]
[ 3, 1, 2, 1, 6 ]
[ 3, 1, 6 ]
[ 4, ]
[ 4, 8 ]
[ 4, 4, 8 ]
[ 4, 2, 1, 3, 1, 2, 8 ]
[ 4, 2, 8 ]
[ 4, 1, 1, 2, 1, 1, 8 ]
[ 4, 1, 2, 4, 2, 1, 8 ]
[ 4, 1, 3, 1, 8 ]
[ 4, 1, 8 ]
[ 5, ]
[ 5, 10 ]
[ 5, 5, 10 ]
[ 5, 3, 2, 3, 10 ]
[ 5, 2, 1, 1, 2, 10 ]
[ 5, 2, 10 ]
[ 5, 1, 1, 3, 5, 3, 1, 1, 10 ]
[ 5, 1, 1, 1, 10 ]
[ 5, 1, 2, 1, 10 ]
[ 5, 1, 4, 1, 10 ]
[ 5, 1, 10 ]
[ 6, ]
[ 6, 12 ]
[ 6, 6, 12 ]
[ 6, 4, 12 ]
[ 6, 3, 12 ]
[ 6, 2, 2, 12 ]
[ 6, 2, 12 ]
[ 6, 1, 1, 3, 1, 5, 1, 3, 1, 1, 12 ]
[ 6, 1, 1, 1, 2, 1, 1, 1, 12 ]
[ 6, 1, 2, 2, 2, 1, 12 ]
[ 6, 1, 3, 1, 1, 2, 6, 2, 1, 1, 3, 1, 12 ]
[ 6, 1, 5, 1, 12 ]
[ 6, 1, 12 ]
[ 7, ]
[ 7, 14 ]
[ 7, 7, 14 ]
[ 7, 4, 1, 2, 1, 4, 14 ]
[ 7, 3, 1, 1, 3, 14 ]
[ 7, 2, 1, 6, 1, 2, 14 ]
[ 7, 2, 2, 2, 14 ]
[ 7, 2, 14 ]
[ 7, 1, 1, 4, 1, 1, 14 ]
[ 7, 1, 1, 1, 1, 1, 1, 14 ]
[ 7, 1, 2, 7, 2, 1, 14 ]
[ 7, 1, 2, 1, 14 ]
[ 7, 1, 4, 3, 1, 2, 2, 1, 3, 4, 1, 14 ]
[ 7, 1, 6, 1, 14 ]
[ 7, 1, 14 ]
[ 8, ]
[ 8, 16 ]
[ 8, 8, 16 ]
[ 8, 5, 2, 1, 1, 7, 1, 1, 2, 5, 16 ]
[ 8, 4, 16 ]
[ 8, 3, 3, 1, 4, 1, 3, 3, 16 ]
[ 8, 2, 1, 2, 1, 2, 16 ]
[ 8, 2, 2, 1, 7, 1, 2, 2, 16 ]
[ 8, 2, 16 ]
[ 8, 1, 1, 5, 5, 1, 1, 16 ]
[ 8, 1, 1, 1, 1, 16 ]
[ 8, 1, 1, 1, 16 ]
[ 8, 1, 2, 1, 1, 5, 4, 5, 1, 1, 2, 1, 16 ]
[ 8, 1, 3, 2, 3, 1, 16 ]
[ 8, 1, 4, 1, 16 ]
[ 8, 1, 7, 1, 16 ]
[ 8, 1, 16 ]
[ 9, ]
[ 9, 18 ]
[ 9, 9, 18 ]
[ 9, 6, 18 ]
[ 9, 4, 1, 1, 4, 18 ]
[ 9, 3, 1, 1, 1, 8, 1, 1, 1, 3, 18 ]
[ 9, 3, 18 ]
[ 9, 2, 1, 1, 1, 2, 18 ]
[ 9, 2, 3, 3, 2, 18 ]
[ 9, 2, 18 ]
[ 9, 1, 1, 5, 1, 5, 1, 1, 18 ]
[ 9, 1, 1, 2, 4, 2, 1, 1, 18 ]
[ 9, 1, 1, 1, 4, 6, 4, 1, 1, 1, 18 ]
[ 9, 1, 2, 3, 1, 1, 5, 1, 8, 1, 5, 1, 1, 3, 2, 1, 18 ]
[ 9, 1, 2, 1, 18 ]
[ 9, 1, 3, 1, 18 ]
[ 9, 1, 5, 1, 1, 1, 1, 1, 1, 5, 1, 18 ]
[ 9, 1, 8, 1, 18 ]
[ 9, 1, 18 ]